1fold roc curve data:[0.0, 0.004716981132075526, 0.004545454545454519, 0.004424778761061954, 0.004347826086956497, 0.004255319148936176, 0.004237288135593209, 0.008333333333333304, 0.008298755186721962, 0.008298755186721962]
[0.5581395348837209, 0.6103896103896104, 0.6811594202898551, 0.746031746031746, 0.7966101694915254, 0.8703703703703703, 0.8867924528301887, 0.9387755102040817, 0.9583333333333334, 0.9583333333333334]


1fold roc curve data:[0.0, 0.004716981132075526, 0.004545454545454519, 0.004424778761061954, 0.004347826086956497, 0.004255319148936176, 0.004237288135593209, 0.008333333333333304, 0.008298755186721962, 0.008298755186721962, 0.0, 0.0045045045045044585, 0.0, 0.0045045045045044585, 0.004255319148936176, 0.008298755186721962, 0.016393442622950838, 0.020325203252032575, 0.032128514056224855, 0.03600000000000003, 0.04365079365079361, 0.051181102362204745, 0.05859375, 0.06949806949806947]
[0.5581395348837209, 0.6103896103896104, 0.6811594202898551, 0.746031746031746, 0.7966101694915254, 0.8703703703703703, 0.8867924528301887, 0.9387755102040817, 0.9583333333333334, 0.9583333333333334, 0.5581395348837209, 0.7014925373134329, 0.5581395348837209, 0.7014925373134329, 0.8703703703703703, 0.9583333333333334, 0.9777777777777777, 1.0, 1.0, 1.0, 1.0, 1.0, 1.0, 1.0]


1fold roc curve data:[0.0, 0.004716981132075526, 0.004545454545454519, 0.004424778761061954, 0.004347826086956497, 0.004255319148936176, 0.004237288135593209, 0.008333333333333304, 0.008298755186721962, 0.008298755186721962, 0.0, 0.0045045045045044585, 0.0, 0.0045045045045044585, 0.004255319148936176, 0.008298755186721962, 0.016393442622950838, 0.020325203252032575, 0.032128514056224855, 0.03600000000000003, 0.04365079365079361, 0.051181102362204745, 0.05859375, 0.06949806949806947, 0.0, 0.0, 0.0, 0.0, 0.0, 0.0, 0.0, 0.0, 0.0, 0.0, 1.0, 1.0]
[0.5581395348837209, 0.6103896103896104, 0.6811594202898551, 0.746031746031746, 0.7966101694915254, 0.8703703703703703, 0.8867924528301887, 0.9387755102040817, 0.9583333333333334, 0.9583333333333334, 0.5581395348837209, 0.7014925373134329, 0.5581395348837209, 0.7014925373134329, 0.8703703703703703, 0.9583333333333334, 0.9777777777777777, 1.0, 1.0, 1.0, 1.0, 1.0, 1.0, 1.0, 0.0, 0.0, 0.0, 0.0, 0.0, 0.0, 0.0, 0.0, 0.0, 0.0, 1.0, 1.0]


1fold roc curve data:[0.0, 0.004716981132075526, 0.004545454545454519, 0.004424778761061954, 0.004347826086956497, 0.004255319148936176, 0.004237288135593209, 0.008333333333333304, 0.008298755186721962, 0.008298755186721962, 0.0, 0.0045045045045044585, 0.0, 0.0045045045045044585, 0.004255319148936176, 0.008298755186721962, 0.016393442622950838, 0.020325203252032575, 0.032128514056224855, 0.03600000000000003, 0.04365079365079361, 0.051181102362204745, 0.05859375, 0.06949806949806947, 0.0, 0.0, 0.0, 0.0, 0.0, 0.0, 0.0, 0.0, 0.0, 0.0, 1.0, 1.0, 0.0, 0.0, 0.0, 0.0, 0.0, 1.0, 1.0, 1.0, 1.0, 1.0, 1.0]
[0.5581395348837209, 0.6103896103896104, 0.6811594202898551, 0.746031746031746, 0.7966101694915254, 0.8703703703703703, 0.8867924528301887, 0.9387755102040817, 0.9583333333333334, 0.9583333333333334, 0.5581395348837209, 0.7014925373134329, 0.5581395348837209, 0.7014925373134329, 0.8703703703703703, 0.9583333333333334, 0.9777777777777777, 1.0, 1.0, 1.0, 1.0, 1.0, 1.0, 1.0, 0.0, 0.0, 0.0, 0.0, 0.0, 0.0, 0.0, 0.0, 0.0, 0.0, 1.0, 1.0, 0.0, 0.0, 0.0, 0.0, 0.0, 1.0, 1.0, 1.0, 1.0, 1.0, 1.0]


1fold roc curve data:[0.0, 0.02083333333333337, 0.08333333333333337, 0.16666666666666663, 0.22916666666666663, 0.3125, 0.39583333333333337, 0.5208333333333333, 0.625, 0.6666666666666667, 0.7083333333333333]
[0.8423236514522822, 0.970954356846473, 0.995850622406639, 1.0, 1.0, 1.0, 1.0, 1.0, 1.0, 1.0, 1.0]


1fold roc curve data:[0.0, 0.02083333333333337, 0.08333333333333337, 0.16666666666666663, 0.22916666666666663, 0.3125, 0.39583333333333337, 0.5208333333333333, 0.625, 0.6666666666666667, 0.7083333333333333, 0.0, 0.0, 0.0, 0.0, 0.0, 0.0, 0.0, 0.0, 0.0, 0.0, 0.02083333333333337, 0.08333333333333337, 0.16666666666666663, 0.22916666666666663, 0.3125]

[0.8423236514522822, 0.970954356846473, 0.995850622406639, 1.0, 1.0, 1.0, 1.0, 1.0, 1.0, 1.0, 1.0, 0.08713692946058091, 0.0995850622406639, 0.12448132780082988, 0.15767634854771784, 0.1950207468879668, 0.22406639004149378, 0.3153526970954357, 0.4315352697095436, 0.6016597510373444, 0.8423236514522822, 0.970954356846473, 0.995850622406639, 1.0, 1.0, 1.0]


1fold roc curve data:[0.0, 0.02083333333333337, 0.08333333333333337, 0.16666666666666663, 0.22916666666666663, 0.3125, 0.39583333333333337, 0.5208333333333333, 0.625, 0.6666666666666667, 0.7083333333333333, 0.0, 0.0, 0.0, 0.0, 0.0, 0.0, 0.0, 0.0, 0.0, 0.0, 0.02083333333333337, 0.08333333333333337, 0.16666666666666663, 0.22916666666666663, 0.3125, 0.0, 0.0, 0.0, 0.0, 0.02083333333333337, 0.39583333333333337, 0.7083333333333333, 0.875]

[0.8423236514522822, 0.970954356846473, 0.995850622406639, 1.0, 1.0, 1.0, 1.0, 1.0, 1.0, 1.0, 1.0, 0.08713692946058091, 0.0995850622406639, 0.12448132780082988, 0.15767634854771784, 0.1950207468879668, 0.22406639004149378, 0.3153526970954357, 0.4315352697095436, 0.6016597510373444, 0.8423236514522822, 0.970954356846473, 0.995850622406639, 1.0, 1.0, 1.0, 0.004149377593360996, 0.03319502074688797, 0.08713692946058091, 0.22406639004149378, 0.970954356846473, 1.0, 1.0, 1.0]


1fold roc curve data:[0.0, 0.0, 0.0, 0.0, 0.02083333333333337, 0.39583333333333337, 0.7083333333333333, 0.875]

[0.004149377593360996, 0.03319502074688797, 0.08713692946058091, 0.22406639004149378, 0.970954356846473, 1.0, 1.0, 1.0]


1fold roc curve data:[0, 0.0, 0.0, 0.0, 0.0, 0.0, 0.0, 0.10416666666666663, 0.47916666666666663, 0.7083333333333333, 0.875, 0.9166666666666666, 0.9583333333333334, 1]

[0, 0.004149377593360996, 0.008298755186721992, 0.03319502074688797, 0.08298755186721991, 0.17012448132780084, 0.5103734439834025, 1.0, 1.0, 1.0, 1.0, 1.0, 1.0, 1]


1fold roc curve data:[0, 0.0, 0.0, 0.0, 0.0, 0.0, 0.0, 0.10416666666666663, 0.47916666666666663, 0.7083333333333333, 0.875, 0.9166666666666666, 0.9583333333333334, 1]

[0, 0.004149377593360996, 0.008298755186721992, 0.03319502074688797, 0.08298755186721991, 0.17012448132780084, 0.5103734439834025, 1.0, 1.0, 1.0, 1.0, 1.0, 1.0, 1]


1fold roc curve data:[0, 0.0, 0.0, 0.0, 0.0, 0.0, 0.02083333333333337, 0.375, 0.7083333333333333, 0.875, 0.9166666666666666, 1]

[0, 0.004149377593360996, 0.008298755186721992, 0.03734439834024896, 0.0995850622406639, 0.27800829875518673, 0.970954356846473, 1.0, 1.0, 1.0, 1.0, 1]


2fold roc curve data:[0, 0.0, 0.0, 0.0, 0.0, 0.0, 0.0, 0.375, 0.8333333333333334, 0.8958333333333334, 0.9375, 1]

[0, 0.016597510373443983, 0.03319502074688797, 0.1078838174273859, 0.2157676348547718, 0.4730290456431535, 0.975103734439834, 1.0, 1.0, 1.0, 1.0, 1]


3fold roc curve data:[0, 0.0, 0.0, 0.0, 0.0, 0.0, 0.0, 0.35416666666666663, 0.5, 0.6666666666666667, 0.8541666666666666, 1]

[0, 0.024896265560165973, 0.04149377593360996, 0.08298755186721991, 0.17842323651452283, 0.4107883817427386, 0.970954356846473, 1.0, 1.0, 1.0, 1.0, 1]


4fold roc curve data:[0, 0.0, 0.0, 0.0, 0.0, 0.0, 0.0, 0.4375, 0.6666666666666667, 0.7708333333333334, 0.875, 1]

[0, 0.03734439834024896, 0.06639004149377593, 0.13692946058091288, 0.2946058091286307, 0.5228215767634855, 0.983402489626556, 1.0, 1.0, 1.0, 1.0, 1]


5fold roc curve data:[0, 0.0, 0.0, 0.0, 0.0, 0.0, 0.0, 0.5416666666666667, 0.7916666666666666, 0.9375, 0.9583333333333334, 1]

[0, 0.0371900826446281, 0.08677685950413223, 0.17768595041322313, 0.4214876033057851, 0.8347107438016529, 1.0, 1.0, 1.0, 1.0, 1.0, 1]


6fold roc curve data:[0, 0.0, 0.0, 0.0, 0.0, 0.0, 0.0, 0.27083333333333337, 0.5625, 0.75, 0.7708333333333334, 1]

[0, 0.04979253112033195, 0.07883817427385892, 0.15352697095435686, 0.4066390041493776, 0.8340248962655602, 1.0, 1.0, 1.0, 1.0, 1.0, 1]


7fold roc curve data:[0, 0.0, 0.0, 0.0, 0.0, 0.0, 0.0, 0.5208333333333333, 0.7083333333333333, 0.75, 0.8125, 1]

[0, 0.058091286307053944, 0.1037344398340249, 0.2157676348547718, 0.3817427385892116, 0.6514522821576764, 0.979253112033195, 1.0, 1.0, 1.0, 1.0, 1]


8fold roc curve data:[0, 0.0, 0.0, 0.0, 0.0, 0.0, 0.0, 0.5833333333333333, 0.8125, 0.9375, 0.9375, 1]

[0, 0.004149377593360996, 0.016597510373443983, 0.058091286307053944, 0.11203319502074689, 0.3153526970954357, 0.970954356846473, 1.0, 1.0, 1.0, 1.0, 1]


9fold roc curve data:[0, 0.0, 0.0, 0.0, 0.0, 0.0, 0.0, 0.4375, 0.6666666666666667, 0.7916666666666666, 0.875, 1]

[0, 0.04564315352697095, 0.08713692946058091, 0.21991701244813278, 0.4024896265560166, 0.7053941908713693, 0.995850622406639, 1.0, 1.0, 1.0, 1.0, 1]


10fold roc curve data:[0, 0.0, 0.0, 0.0, 0.0, 0.0, 0.04081632653061229, 0.6326530612244898, 0.7755102040816326, 0.9591836734693877, 0.9795918367346939, 1]

[0, 0.05785123966942149, 0.15289256198347106, 0.30578512396694213, 0.5495867768595041, 0.871900826446281, 1.0, 1.0, 1.0, 1.0, 1.0, 1]


1fold roc curve data:[0, 0.0, 0.0, 0.0, 0.0, 0.0, 0.0, 0.0, 0.0, 0.20833333333333337, 0.9583333333333334, 1.0, 1.0, 1.0, 1.0, 1]

[0, 0.0, 0.0, 0.0, 0.0, 0.0, 0.0, 0.0, 0.0, 0.995850622406639, 1.0, 1.0, 1.0, 1.0, 1.0, 1]


1fold roc curve data:[0, 0.0, 0.0, 0.0, 0.0, 0.0, 0.20833333333333337, 0.625, 0.8541666666666666, 0.8958333333333334, 0.9375, 0.9583333333333334, 1]

[0, 0.0, 0.0, 0.016597510373443983, 0.07053941908713693, 0.3983402489626556, 0.995850622406639, 1.0, 1.0, 1.0, 1.0, 1.0, 1]


1fold roc curve data:[0, 0.0, 0.0, 0.0, 0.0, 0.0, 0.0, 0.0, 0.20833333333333337, 0.625, 0.8541666666666666, 0.8958333333333334, 0.9375, 0.9583333333333334, 1.0, 1.0, 1]

[0, 0.0, 0.0, 0.0, 0.0, 0.016597510373443983, 0.07053941908713693, 0.3983402489626556, 0.995850622406639, 1.0, 1.0, 1.0, 1.0, 1.0, 1.0, 1.0, 1]


1fold roc curve data:[0, 0.0, 0.0, 0.0, 0.0, 0.0, 0.0, 0.0, 0.0, 0.0, 0.0, 0.20833333333333337, 0.625, 0.8541666666666666, 0.8958333333333334, 0.9375, 0.9583333333333334, 1.0, 1.0, 1.0, 1.0, 1.0, 1]

[0, 0.0, 0.0, 0.0, 0.0, 0.0, 0.0, 0.0, 0.016597510373443983, 0.07053941908713693, 0.3983402489626556, 0.995850622406639, 1.0, 1.0, 1.0, 1.0, 1.0, 1.0, 1.0, 1.0, 1.0, 1.0, 1]


1fold roc curve data:[0, 0.0, 0.0, 0.0, 0.0, 0.0, 0.0, 0.0, 0.0, 0.0, 0.0, 0.20833333333333337, 0.47916666666666663, 0.625, 0.7083333333333333, 0.8541666666666666, 0.8958333333333334, 0.8958333333333334, 0.9375, 0.9375, 0.9583333333333334, 0.9583333333333334, 0.9791666666666666, 1]

[0, 0.0, 0.0, 0.0, 0.008298755186721992, 0.016597510373443983, 0.024896265560165973, 0.07053941908713693, 0.17427385892116182, 0.3983402489626556, 0.6597510373443983, 0.995850622406639, 1.0, 1.0, 1.0, 1.0, 1.0, 1.0, 1.0, 1.0, 1.0, 1.0, 1.0, 1]


1fold roc curve data:[0, 0.0, 0.0, 0.0, 0.0, 0.0, 0.0, 0.0, 0.0, 0.0, 0.0, 0.0, 0.0, 0.0, 0.0, 0.0, 0.0, 0.0, 0.0, 0.0, 0.0, 0.0, 0.0, 0.0, 0.0, 0.0, 0.0, 0.0, 0.0, 0.0, 0.0, 0.0, 0.0, 0.0, 0.0, 0.0, 0.0, 0.0, 0.0, 0.0, 0.0, 0.0, 0.0, 0.0, 0.0, 0.0, 0.0, 0.0, 0.0, 0.0, 0.20833333333333337, 0.20833333333333337, 0.20833333333333337, 0.20833333333333337, 0.41666666666666663, 0.47916666666666663, 0.47916666666666663, 0.47916666666666663, 0.5208333333333333, 0.625, 0.625, 0.625, 0.6458333333333333, 0.6875, 0.7083333333333333, 0.7083333333333333, 0.7083333333333333, 0.7083333333333333, 0.8541666666666666, 0.8541666666666666, 0.8541666666666666, 0.8541666666666666, 0.875, 0.8958333333333334, 0.8958333333333334, 0.8958333333333334, 0.8958333333333334, 0.8958333333333334, 0.8958333333333334, 0.8958333333333334, 0.8958333333333334, 0.8958333333333334, 0.8958333333333334, 0.8958333333333334, 0.9166666666666666, 0.9166666666666666, 0.9375, 0.9375, 0.9375, 0.9375, 0.9375, 0.9375, 0.9375, 0.9375, 0.9583333333333334, 0.9583333333333334, 0.9583333333333334, 0.9583333333333334, 0.9583333333333334, 0.9583333333333334, 0.9583333333333334, 0.9583333333333334, 0.9583333333333334, 0.9583333333333334, 0.9791666666666666, 0.9791666666666666, 0.9791666666666666, 0.9791666666666666, 1.0, 1.0, 1.0, 1]

[0, 0.0, 0.0, 0.0, 0.0, 0.0, 0.0, 0.0, 0.0, 0.0, 0.0, 0.0, 0.0, 0.0, 0.004149377593360996, 0.008298755186721992, 0.008298755186721992, 0.008298755186721992, 0.008298755186721992, 0.012448132780082987, 0.016597510373443983, 0.016597510373443983, 0.016597510373443983, 0.024896265560165973, 0.024896265560165973, 0.024896265560165973, 0.024896265560165973, 0.04564315352697095, 0.058091286307053944, 0.058091286307053944, 0.058091286307053944, 0.07053941908713693, 0.08298755186721991, 0.0995850622406639, 0.0995850622406639, 0.0995850622406639, 0.17427385892116182, 0.1991701244813278, 0.2033195020746888, 0.2033195020746888, 0.34439834024896265, 0.3983402489626556, 0.4066390041493776, 0.4066390041493776, 0.5228215767634855, 0.5601659751037344, 0.6597510373443983, 0.6597510373443983, 0.6597510373443983, 0.6639004149377593, 0.995850622406639, 0.995850622406639, 0.995850622406639, 0.995850622406639, 1.0, 1.0, 1.0, 1.0, 1.0, 1.0, 1.0, 1.0, 1.0, 1.0, 1.0, 1.0, 1.0, 1.0, 1.0, 1.0, 1.0, 1.0, 1.0, 1.0, 1.0, 1.0, 1.0, 1.0, 1.0, 1.0, 1.0, 1.0, 1.0, 1.0, 1.0, 1.0, 1.0, 1.0, 1.0, 1.0, 1.0, 1.0, 1.0, 1.0, 1.0, 1.0, 1.0, 1.0, 1.0, 1.0, 1.0, 1.0, 1.0, 1.0, 1.0, 1.0, 1.0, 1.0, 1.0, 1.0, 1.0, 1]


1fold roc curve data:[0, 0.0, 0.0, 0.0, 0.0, 0.0, 0.0, 0.0, 0.0, 0.0, 0.0, 0.20833333333333337, 0.47916666666666663, 0.625, 0.7083333333333333, 0.8541666666666666, 0.8958333333333334, 0.8958333333333334, 0.9375, 0.9375, 0.9583333333333334, 0.9583333333333334, 0.9791666666666666, 1]

[0, 0.0, 0.0, 0.0, 0.008298755186721992, 0.016597510373443983, 0.024896265560165973, 0.07053941908713693, 0.17427385892116182, 0.3983402489626556, 0.6597510373443983, 0.995850622406639, 1.0, 1.0, 1.0, 1.0, 1.0, 1.0, 1.0, 1.0, 1.0, 1.0, 1.0, 1]


2fold roc curve data:[0, 0.0, 0.0, 0.0, 0.0, 0.0, 0.0, 0.0, 0.0, 0.0, 0.0, 0.1875, 0.5625, 0.7708333333333334, 0.8333333333333334, 0.8958333333333334, 0.8958333333333334, 0.9166666666666666, 0.9166666666666666, 0.9375, 0.9375, 0.9375, 0.9375, 1]

[0, 0.0, 0.0, 0.0, 0.004149377593360996, 0.012448132780082987, 0.04979253112033195, 0.13278008298755187, 0.26141078838174275, 0.46473029045643155, 0.7095435684647303, 0.991701244813278, 1.0, 1.0, 1.0, 1.0, 1.0, 1.0, 1.0, 1.0, 1.0, 1.0, 1.0, 1]


3fold roc curve data:[0, 0.0, 0.0, 0.0, 0.0, 0.0, 0.0, 0.0, 0.0, 0.0, 0.0, 0.10416666666666663, 0.35416666666666663, 0.47916666666666663, 0.5833333333333333, 0.75, 0.8125, 0.8541666666666666, 0.875, 0.875, 0.8958333333333334, 0.9166666666666666, 0.9375, 1]

[0, 0.0, 0.0, 0.0, 0.004149377593360996, 0.024896265560165973, 0.058091286307053944, 0.12033195020746888, 0.24481327800829875, 0.4149377593360996, 0.6556016597510373, 0.995850622406639, 1.0, 1.0, 1.0, 1.0, 1.0, 1.0, 1.0, 1.0, 1.0, 1.0, 1.0, 1]


4fold roc curve data:[0, 0.0, 0.0, 0.0, 0.0, 0.0, 0.0, 0.0, 0.0, 0.0, 0.0, 0.1875, 0.41666666666666663, 0.5833333333333333, 0.7291666666666667, 0.8333333333333334, 0.875, 0.8958333333333334, 0.9166666666666666, 0.9166666666666666, 0.9166666666666666, 0.9166666666666666, 0.9583333333333334, 1]

[0, 0.0, 0.0, 0.004149377593360996, 0.008298755186721992, 0.04564315352697095, 0.0995850622406639, 0.1991701244813278, 0.35269709543568467, 0.49377593360995853, 0.7468879668049793, 0.9875518672199171, 1.0, 1.0, 1.0, 1.0, 1.0, 1.0, 1.0, 1.0, 1.0, 1.0, 1.0, 1]


5fold roc curve data:[0, 0.0, 0.0, 0.0, 0.0, 0.0, 0.0, 0.0, 0.0, 0.0, 0.0, 0.33333333333333337, 0.5, 0.625, 0.7708333333333334, 0.8541666666666666, 0.9583333333333334, 0.9583333333333334, 0.9583333333333334, 0.9583333333333334, 0.9583333333333334, 0.9583333333333334, 0.9583333333333334, 1]

[0, 0.0, 0.004132231404958678, 0.008264462809917356, 0.01652892561983471, 0.06611570247933884, 0.128099173553719, 0.2644628099173554, 0.5082644628099173, 0.768595041322314, 0.9462809917355371, 0.9958677685950413, 1.0, 1.0, 1.0, 1.0, 1.0, 1.0, 1.0, 1.0, 1.0, 1.0, 1.0, 1]


6fold roc curve data:[0, 0.0, 0.0, 0.0, 0.0, 0.0, 0.0, 0.0, 0.0, 0.0, 0.0, 0.16666666666666663, 0.375, 0.4375, 0.6666666666666667, 0.75, 0.7708333333333334, 0.7708333333333334, 0.7708333333333334, 0.7916666666666666, 0.8125, 0.8541666666666666, 0.8541666666666666, 1]

[0, 0.0, 0.0, 0.008298755186721992, 0.03319502074688797, 0.06224066390041494, 0.14522821576763487, 0.2863070539419087, 0.5601659751037344, 0.7842323651452282, 0.9336099585062241, 1.0, 1.0, 1.0, 1.0, 1.0, 1.0, 1.0, 1.0, 1.0, 1.0, 1.0, 1.0, 1]


7fold roc curve data:[0, 0.0, 0.0, 0.0, 0.0, 0.0, 0.0, 0.0, 0.0, 0.0, 0.0, 0.35416666666666663, 0.5208333333333333, 0.625, 0.6875, 0.7708333333333334, 0.8125, 0.8541666666666666, 0.8541666666666666, 0.8541666666666666, 0.8541666666666666, 0.875, 0.875, 1]

[0, 0.0, 0.008298755186721992, 0.012448132780082987, 0.024896265560165973, 0.04979253112033195, 0.14937759336099585, 0.2821576763485477, 0.48132780082987553, 0.6307053941908713, 0.7842323651452282, 0.991701244813278, 1.0, 1.0, 1.0, 1.0, 1.0, 1.0, 1.0, 1.0, 1.0, 1.0, 1.0, 1]


8fold roc curve data:[0, 0.0, 0.0, 0.0, 0.0, 0.0, 0.0, 0.0, 0.0, 0.0, 0.0, 0.29166666666666663, 0.6041666666666667, 0.7916666666666666, 0.8958333333333334, 0.9375, 0.9375, 0.9375, 0.9375, 0.9791666666666666, 0.9791666666666666, 0.9791666666666666, 0.9791666666666666, 1]

[0, 0.0, 0.0, 0.008298755186721992, 0.008298755186721992, 0.016597510373443983, 0.016597510373443983, 0.04979253112033195, 0.14107883817427386, 0.2946058091286307, 0.6099585062240664, 0.991701244813278, 1.0, 1.0, 1.0, 1.0, 1.0, 1.0, 1.0, 1.0, 1.0, 1.0, 1.0, 1]


9fold roc curve data:[0, 0.0, 0.0, 0.0, 0.0, 0.0, 0.0, 0.0, 0.0, 0.0, 0.0, 0.3125, 0.5208333333333333, 0.625, 0.75, 0.8125, 0.8541666666666666, 0.9166666666666666, 0.9166666666666666, 0.9583333333333334, 0.9583333333333334, 0.9791666666666666, 0.9791666666666666, 1]

[0, 0.0, 0.008298755186721992, 0.012448132780082987, 0.029045643153526972, 0.058091286307053944, 0.1037344398340249, 0.22821576763485477, 0.43983402489626555, 0.6514522821576764, 0.8464730290456431, 1.0, 1.0, 1.0, 1.0, 1.0, 1.0, 1.0, 1.0, 1.0, 1.0, 1.0, 1.0, 1]


10fold roc curve data:[0, 0.0, 0.0, 0.0, 0.0, 0.0, 0.0, 0.0, 0.0, 0.0, 0.020408163265306145, 0.4285714285714286, 0.6734693877551021, 0.8367346938775511, 0.8775510204081632, 0.9795918367346939, 1.0, 1.0, 1.0, 1.0, 1.0, 1.0, 1.0, 1]

[0, 0.0, 0.0, 0.0, 0.01652892561983471, 0.05785123966942149, 0.15702479338842976, 0.359504132231405, 0.5495867768595041, 0.7892561983471075, 0.9462809917355371, 0.9958677685950413, 1.0, 1.0, 1.0, 1.0, 1.0, 1.0, 1.0, 1.0, 1.0, 1.0, 1.0, 1]


1fold roc curve data:[0, 0.0, 0.0, 0.0, 0.0, 0.0, 0.0, 0.0, 0.0, 0.0, 0.0, 0.20833333333333337, 0.4375, 0.5833333333333333, 0.7291666666666667, 0.75, 0.8333333333333334, 0.875, 0.9166666666666666, 0.9375, 0.9375, 0.9375, 0.9375, 1]

[0, 0.0, 0.0, 0.004149377593360996, 0.008298755186721992, 0.016597510373443983, 0.04149377593360996, 0.1078838174273859, 0.29045643153526973, 0.49377593360995853, 0.6970954356846473, 1.0, 1.0, 1.0, 1.0, 1.0, 1.0, 1.0, 1.0, 1.0, 1.0, 1.0, 1.0, 1]


1fold roc curve data:[0, 0.0, 0.0, 0.0, 0.0, 0.0, 0.0, 0.0, 0.0, 0.0, 0.0, 0.20833333333333337, 0.47916666666666663, 0.625, 0.7083333333333333, 0.8541666666666666, 0.8958333333333334, 0.8958333333333334, 0.9375, 0.9375, 0.9583333333333334, 0.9583333333333334, 0.9791666666666666, 1]

[0, 0.0, 0.0, 0.0, 0.008298755186721992, 0.016597510373443983, 0.024896265560165973, 0.06224066390041494, 0.17012448132780084, 0.38589211618257263, 0.6597510373443983, 0.995850622406639, 1.0, 1.0, 1.0, 1.0, 1.0, 1.0, 1.0, 1.0, 1.0, 1.0, 1.0, 1]


1fold roc curve data:[0, 0.0, 0.0, 0.0, 0.0, 0.0, 0.0, 0.0, 0.0, 0.0, 0.0, 0.20833333333333337, 0.47916666666666663, 0.625, 0.7083333333333333, 0.8541666666666666, 0.8958333333333334, 0.8958333333333334, 0.9375, 0.9375, 0.9583333333333334, 0.9583333333333334, 0.9791666666666666, 1]

[0, 0.0, 0.0, 0.0, 0.008298755186721992, 0.016597510373443983, 0.024896265560165973, 0.06224066390041494, 0.17012448132780084, 0.38589211618257263, 0.6597510373443983, 0.995850622406639, 1.0, 1.0, 1.0, 1.0, 1.0, 1.0, 1.0, 1.0, 1.0, 1.0, 1.0, 1]


2fold roc curve data:[0, 0.0, 0.0, 0.0, 0.0, 0.0, 0.0, 0.0, 0.0, 0.0, 0.0, 0.1875, 0.5625, 0.7708333333333334, 0.8333333333333334, 0.8958333333333334, 0.8958333333333334, 0.9166666666666666, 0.9166666666666666, 0.9375, 0.9375, 0.9375, 0.9375, 1]

[0, 0.0, 0.0, 0.0, 0.004149377593360996, 0.012448132780082987, 0.04979253112033195, 0.11618257261410789, 0.26141078838174275, 0.44813278008298757, 0.7095435684647303, 0.991701244813278, 1.0, 1.0, 1.0, 1.0, 1.0, 1.0, 1.0, 1.0, 1.0, 1.0, 1.0, 1]


3fold roc curve data:[0, 0.0, 0.0, 0.0, 0.0, 0.0, 0.0, 0.0, 0.0, 0.0, 0.0, 0.10416666666666663, 0.35416666666666663, 0.47916666666666663, 0.5833333333333333, 0.75, 0.7916666666666666, 0.8541666666666666, 0.8541666666666666, 0.875, 0.8958333333333334, 0.9166666666666666, 0.9166666666666666, 1]

[0, 0.0, 0.0, 0.0, 0.004149377593360996, 0.024896265560165973, 0.058091286307053944, 0.11203319502074689, 0.24481327800829875, 0.3941908713692946, 0.6556016597510373, 0.995850622406639, 1.0, 1.0, 1.0, 1.0, 1.0, 1.0, 1.0, 1.0, 1.0, 1.0, 1.0, 1]


4fold roc curve data:[0, 0.0, 0.0, 0.0, 0.0, 0.0, 0.0, 0.0, 0.0, 0.0, 0.0, 0.1875, 0.41666666666666663, 0.5833333333333333, 0.7291666666666667, 0.8333333333333334, 0.875, 0.8958333333333334, 0.9166666666666666, 0.9166666666666666, 0.9166666666666666, 0.9166666666666666, 0.9583333333333334, 1]

[0, 0.0, 0.0, 0.004149377593360996, 0.008298755186721992, 0.04564315352697095, 0.0995850622406639, 0.18672199170124482, 0.34854771784232363, 0.4854771784232365, 0.7468879668049793, 0.9875518672199171, 1.0, 1.0, 1.0, 1.0, 1.0, 1.0, 1.0, 1.0, 1.0, 1.0, 1.0, 1]


5fold roc curve data:[0, 0.0, 0.0, 0.0, 0.0, 0.0, 0.0, 0.0, 0.0, 0.0, 0.0, 0.33333333333333337, 0.5, 0.625, 0.7708333333333334, 0.8541666666666666, 0.9583333333333334, 0.9583333333333334, 0.9583333333333334, 0.9583333333333334, 0.9583333333333334, 0.9583333333333334, 0.9583333333333334, 1]

[0, 0.0, 0.004132231404958678, 0.008264462809917356, 0.01652892561983471, 0.06611570247933884, 0.128099173553719, 0.23140495867768596, 0.5041322314049587, 0.7520661157024794, 0.9462809917355371, 0.9958677685950413, 1.0, 1.0, 1.0, 1.0, 1.0, 1.0, 1.0, 1.0, 1.0, 1.0, 1.0, 1]


6fold roc curve data:[0, 0.0, 0.0, 0.0, 0.0, 0.0, 0.0, 0.0, 0.0, 0.0, 0.0, 0.16666666666666663, 0.375, 0.4375, 0.6666666666666667, 0.75, 0.7708333333333334, 0.7708333333333334, 0.7708333333333334, 0.7916666666666666, 0.8125, 0.8541666666666666, 0.8541666666666666, 1]

[0, 0.0, 0.0, 0.004149377593360996, 0.03319502074688797, 0.06224066390041494, 0.14522821576763487, 0.2863070539419087, 0.5601659751037344, 0.7676348547717843, 0.9336099585062241, 1.0, 1.0, 1.0, 1.0, 1.0, 1.0, 1.0, 1.0, 1.0, 1.0, 1.0, 1.0, 1]


7fold roc curve data:[0, 0.0, 0.0, 0.0, 0.0, 0.0, 0.0, 0.0, 0.0, 0.0, 0.0, 0.35416666666666663, 0.5208333333333333, 0.625, 0.6875, 0.7708333333333334, 0.8125, 0.8541666666666666, 0.8541666666666666, 0.8541666666666666, 0.8541666666666666, 0.875, 0.875, 1]

[0, 0.0, 0.004149377593360996, 0.012448132780082987, 0.024896265560165973, 0.04979253112033195, 0.14937759336099585, 0.26556016597510373, 0.48132780082987553, 0.6265560165975104, 0.7842323651452282, 0.991701244813278, 1.0, 1.0, 1.0, 1.0, 1.0, 1.0, 1.0, 1.0, 1.0, 1.0, 1.0, 1]


8fold roc curve data:[0, 0.0, 0.0, 0.0, 0.0, 0.0, 0.0, 0.0, 0.0, 0.0, 0.0, 0.29166666666666663, 0.6041666666666667, 0.7916666666666666, 0.8958333333333334, 0.9375, 0.9375, 0.9375, 0.9375, 0.9791666666666666, 0.9791666666666666, 0.9791666666666666, 0.9791666666666666, 1]

[0, 0.0, 0.0, 0.008298755186721992, 0.008298755186721992, 0.016597510373443983, 0.016597510373443983, 0.04149377593360996, 0.14107883817427386, 0.29045643153526973, 0.6099585062240664, 0.991701244813278, 1.0, 1.0, 1.0, 1.0, 1.0, 1.0, 1.0, 1.0, 1.0, 1.0, 1.0, 1]


9fold roc curve data:[0, 0.0, 0.0, 0.0, 0.0, 0.0, 0.0, 0.0, 0.0, 0.0, 0.0, 0.3125, 0.5208333333333333, 0.625, 0.75, 0.8125, 0.8333333333333334, 0.9166666666666666, 0.9166666666666666, 0.9583333333333334, 0.9583333333333334, 0.9791666666666666, 0.9791666666666666, 1]

[0, 0.0, 0.004149377593360996, 0.012448132780082987, 0.029045643153526972, 0.058091286307053944, 0.1037344398340249, 0.2157676348547718, 0.43568464730290457, 0.6473029045643154, 0.8464730290456431, 1.0, 1.0, 1.0, 1.0, 1.0, 1.0, 1.0, 1.0, 1.0, 1.0, 1.0, 1.0, 1]


10fold roc curve data:[0, 0.0, 0.0, 0.0, 0.0, 0.0, 0.0, 0.0, 0.0, 0.0, 0.020408163265306145, 0.4285714285714286, 0.6734693877551021, 0.8367346938775511, 0.8775510204081632, 0.9795918367346939, 1.0, 1.0, 1.0, 1.0, 1.0, 1.0, 1.0, 1]

[0, 0.0, 0.0, 0.0, 0.01652892561983471, 0.05785123966942149, 0.12396694214876033, 0.34710743801652894, 0.5330578512396694, 0.7892561983471075, 0.9462809917355371, 0.9958677685950413, 1.0, 1.0, 1.0, 1.0, 1.0, 1.0, 1.0, 1.0, 1.0, 1.0, 1.0, 1]


1fold roc curve data:[0, 0.0, 0.0, 0.0, 0.0, 0.0, 0.0, 0.0, 0.0, 0.0, 0.0, 0.10416666666666663, 0.27083333333333337, 0.45833333333333337, 0.5833333333333333, 0.6875, 0.8125, 0.8541666666666666, 0.875, 0.8958333333333334, 0.8958333333333334, 0.8958333333333334, 0.8958333333333334, 1]

[0, 0.0, 0.0, 0.004149377593360996, 0.02074688796680498, 0.03734439834024896, 0.04979253112033195, 0.07883817427385892, 0.2074688796680498, 0.45643153526970953, 0.7219917012448133, 0.991701244813278, 1.0, 1.0, 1.0, 1.0, 1.0, 1.0, 1.0, 1.0, 1.0, 1.0, 1.0, 1]


2fold roc curve data:[0, 0.0, 0.0, 0.0, 0.0, 0.0, 0.0, 0.0, 0.0, 0.0, 0.02083333333333337, 0.14583333333333337, 0.29166666666666663, 0.47916666666666663, 0.7083333333333333, 0.7916666666666666, 0.8541666666666666, 0.8958333333333334, 0.8958333333333334, 0.8958333333333334, 0.9375, 0.9375, 0.9375, 1]

[0, 0.0, 0.0, 0.012448132780082987, 0.02074688796680498, 0.06224066390041494, 0.1078838174273859, 0.1908713692946058, 0.31950207468879666, 0.5560165975103735, 0.7634854771784232, 0.983402489626556, 1.0, 1.0, 1.0, 1.0, 1.0, 1.0, 1.0, 1.0, 1.0, 1.0, 1.0, 1]


3fold roc curve data:[0, 0.0, 0.0, 0.0, 0.0, 0.0, 0.0, 0.0, 0.0, 0.0, 0.0, 0.0625, 0.22916666666666663, 0.41666666666666663, 0.5208333333333333, 0.5625, 0.6458333333333333, 0.6875, 0.7083333333333333, 0.7708333333333334, 0.8125, 0.8333333333333334, 0.875, 1]

[0, 0.0, 0.012448132780082987, 0.03734439834024896, 0.04979253112033195, 0.08713692946058091, 0.12448132780082988, 0.1950207468879668, 0.2821576763485477, 0.48132780082987553, 0.7510373443983402, 0.9875518672199171, 0.995850622406639, 0.995850622406639, 0.995850622406639, 0.995850622406639, 1.0, 1.0, 1.0, 1.0, 1.0, 1.0, 1.0, 1]


4fold roc curve data:[0, 0.0, 0.0, 0.0, 0.0, 0.0, 0.0, 0.0, 0.0, 0.0, 0.0, 0.14583333333333337, 0.3125, 0.5208333333333333, 0.6041666666666667, 0.6875, 0.75, 0.7916666666666666, 0.8333333333333334, 0.8541666666666666, 0.8958333333333334, 0.9166666666666666, 0.9166666666666666, 1]

[0, 0.0, 0.0, 0.012448132780082987, 0.06639004149377593, 0.11618257261410789, 0.17427385892116182, 0.24481327800829875, 0.35269709543568467, 0.5228215767634855, 0.7883817427385892, 0.9875518672199171, 0.995850622406639, 1.0, 1.0, 1.0, 1.0, 1.0, 1.0, 1.0, 1.0, 1.0, 1.0, 1]


5fold roc curve data:[0, 0.0, 0.0, 0.0, 0.0, 0.0, 0.0, 0.0, 0.0, 0.0, 0.0, 0.27083333333333337, 0.47916666666666663, 0.6041666666666667, 0.6875, 0.7916666666666666, 0.8333333333333334, 0.8958333333333334, 0.9166666666666666, 0.9583333333333334, 0.9583333333333334, 0.9583333333333334, 0.9583333333333334, 1]

[0, 0.004132231404958678, 0.004132231404958678, 0.028925619834710745, 0.0743801652892562, 0.128099173553719, 0.2231404958677686, 0.3760330578512397, 0.5454545454545454, 0.8181818181818182, 0.9834710743801653, 1.0, 1.0, 1.0, 1.0, 1.0, 1.0, 1.0, 1.0, 1.0, 1.0, 1.0, 1.0, 1]


6fold roc curve data:[0, 0.0, 0.0, 0.0, 0.0, 0.0, 0.0, 0.0, 0.0, 0.0, 0.0, 0.125, 0.29166666666666663, 0.41666666666666663, 0.5, 0.5208333333333333, 0.6875, 0.75, 0.7708333333333334, 0.7916666666666666, 0.8125, 0.8333333333333334, 0.875, 1]

[0, 0.008298755186721992, 0.02074688796680498, 0.058091286307053944, 0.16597510373443983, 0.24481327800829875, 0.35269709543568467, 0.46887966804979253, 0.6721991701244814, 0.8340248962655602, 0.966804979253112, 1.0, 1.0, 1.0, 1.0, 1.0, 1.0, 1.0, 1.0, 1.0, 1.0, 1.0, 1.0, 1]


7fold roc curve data:[0, 0.0, 0.0, 0.0, 0.0, 0.0, 0.0, 0.0, 0.0, 0.0, 0.0, 0.25, 0.35416666666666663, 0.5208333333333333, 0.6041666666666667, 0.6458333333333333, 0.7291666666666667, 0.7916666666666666, 0.8333333333333334, 0.8333333333333334, 0.8333333333333334, 0.8541666666666666, 0.8541666666666666, 1]

[0, 0.008298755186721992, 0.016597510373443983, 0.07053941908713693, 0.12448132780082988, 0.18672199170124482, 0.3112033195020747, 0.4066390041493776, 0.5477178423236515, 0.6556016597510373, 0.8464730290456431, 0.991701244813278, 1.0, 1.0, 1.0, 1.0, 1.0, 1.0, 1.0, 1.0, 1.0, 1.0, 1.0, 1]


8fold roc curve data:[0, 0.0, 0.0, 0.0, 0.0, 0.0, 0.0, 0.0, 0.0, 0.0, 0.02083333333333337, 0.22916666666666663, 0.5833333333333333, 0.7916666666666666, 0.8541666666666666, 0.8958333333333334, 0.9166666666666666, 0.9375, 0.9375, 0.9791666666666666, 0.9791666666666666, 0.9791666666666666, 0.9791666666666666, 1]

[0, 0.0, 0.004149377593360996, 0.004149377593360996, 0.008298755186721992, 0.02074688796680498, 0.058091286307053944, 0.08713692946058091, 0.1825726141078838, 0.34854771784232363, 0.6929460580912863, 0.9875518672199171, 1.0, 1.0, 1.0, 1.0, 1.0, 1.0, 1.0, 1.0, 1.0, 1.0, 1.0, 1]


9fold roc curve data:[0, 0.0, 0.0, 0.0, 0.0, 0.0, 0.0, 0.0, 0.0, 0.0, 0.0, 0.10416666666666663, 0.39583333333333337, 0.5, 0.625, 0.7083333333333333, 0.7708333333333334, 0.8125, 0.8541666666666666, 0.8958333333333334, 0.9166666666666666, 0.9166666666666666, 0.9583333333333334, 1]

[0, 0.02074688796680498, 0.029045643153526972, 0.06639004149377593, 0.0954356846473029, 0.16597510373443983, 0.2821576763485477, 0.38589211618257263, 0.5062240663900415, 0.7136929460580913, 0.9087136929460581, 1.0, 1.0, 1.0, 1.0, 1.0, 1.0, 1.0, 1.0, 1.0, 1.0, 1.0, 1.0, 1]


10fold roc curve data:[0, 0.0, 0.0, 0.0, 0.0, 0.0, 0.0, 0.0, 0.0, 0.0, 0.0, 0.30612244897959184, 0.5510204081632653, 0.6734693877551021, 0.7346938775510203, 0.8571428571428572, 0.9387755102040817, 0.9591836734693877, 1.0, 1.0, 1.0, 1.0, 1.0, 1]

[0, 0.0, 0.024793388429752067, 0.049586776859504134, 0.08264462809917356, 0.16942148760330578, 0.3140495867768595, 0.45867768595041325, 0.6446280991735537, 0.8429752066115702, 0.9669421487603306, 1.0, 1.0, 1.0, 1.0, 1.0, 1.0, 1.0, 1.0, 1.0, 1.0, 1.0, 1.0, 1]


1fold roc curve data:[0, 0.0, 0.0, 0.0, 0.0, 0.0, 0.0, 0.0, 0.0, 0.0, 0.0, 0.08333333333333337, 0.27083333333333337, 0.39583333333333337, 0.6041666666666667, 0.6875, 0.8125, 0.875, 0.875, 0.9166666666666666, 0.9166666666666666, 0.9166666666666666, 1]

[0, 0.0, 0.016597510373443983, 0.016597510373443983, 0.024896265560165973, 0.04564315352697095, 0.08713692946058091, 0.14107883817427386, 0.23651452282157676, 0.43568464730290457, 0.7178423236514523, 0.991701244813278, 1.0, 1.0, 1.0, 1.0, 1.0, 1.0, 1.0, 1.0, 1.0, 1.0, 1]


2fold roc curve data:[0, 0.0, 0.0, 0.0, 0.0, 0.0, 0.0, 0.0, 0.0, 0.0, 0.0, 0.04166666666666663, 0.27083333333333337, 0.39583333333333337, 0.6875, 0.8125, 0.8958333333333334, 0.9166666666666666, 0.9166666666666666, 0.9166666666666666, 0.9166666666666666, 0.9375, 1]

[0, 0.016597510373443983, 0.029045643153526972, 0.06639004149377593, 0.08713692946058091, 0.13278008298755187, 0.17842323651452283, 0.2697095435684647, 0.3941908713692946, 0.5560165975103735, 0.7925311203319502, 0.979253112033195, 1.0, 1.0, 1.0, 1.0, 1.0, 1.0, 1.0, 1.0, 1.0, 1.0, 1]


3fold roc curve data:[0, 0.0, 0.0, 0.0, 0.0, 0.0, 0.0, 0.0, 0.0, 0.0, 0.0, 0.04166666666666663, 0.22916666666666663, 0.41666666666666663, 0.47916666666666663, 0.5416666666666667, 0.6041666666666667, 0.6875, 0.75, 0.8125, 0.8541666666666666, 0.8541666666666666, 1]

[0, 0.012448132780082987, 0.024896265560165973, 0.04149377593360996, 0.05394190871369295, 0.0995850622406639, 0.13692946058091288, 0.1825726141078838, 0.2946058091286307, 0.4605809128630705, 0.7385892116182573, 0.9875518672199171, 1.0, 1.0, 1.0, 1.0, 1.0, 1.0, 1.0, 1.0, 1.0, 1.0, 1]


4fold roc curve data:[0, 0.0, 0.0, 0.0, 0.0, 0.0, 0.0, 0.0, 0.0, 0.0, 0.0, 0.02083333333333337, 0.20833333333333337, 0.45833333333333337, 0.5416666666666667, 0.6458333333333333, 0.7708333333333334, 0.8541666666666666, 0.8541666666666666, 0.8958333333333334, 0.9166666666666666, 0.9166666666666666, 1]

[0, 0.02074688796680498, 0.03734439834024896, 0.06639004149377593, 0.1078838174273859, 0.1950207468879668, 0.2572614107883817, 0.34439834024896265, 0.43568464730290457, 0.5601659751037344, 0.8298755186721992, 0.991701244813278, 1.0, 1.0, 1.0, 1.0, 1.0, 1.0, 1.0, 1.0, 1.0, 1.0, 1]


5fold roc curve data:[0, 0.0, 0.0, 0.0, 0.0, 0.0, 0.0, 0.0, 0.0, 0.0, 0.0, 0.08333333333333337, 0.39583333333333337, 0.5, 0.5625, 0.7291666666666667, 0.8333333333333334, 0.875, 0.9375, 0.9583333333333334, 0.9583333333333334, 0.9583333333333334, 1]

[0, 0.024793388429752067, 0.045454545454545456, 0.08264462809917356, 0.1322314049586777, 0.21074380165289255, 0.3347107438016529, 0.5413223140495868, 0.7107438016528925, 0.859504132231405, 0.9917355371900827, 1.0, 1.0, 1.0, 1.0, 1.0, 1.0, 1.0, 1.0, 1.0, 1.0, 1.0, 1]


6fold roc curve data:[0, 0.0, 0.0, 0.0, 0.0, 0.0, 0.0, 0.0, 0.0, 0.0, 0.0, 0.0625, 0.20833333333333337, 0.29166666666666663, 0.41666666666666663, 0.625, 0.7291666666666667, 0.7291666666666667, 0.75, 0.75, 0.75, 0.7708333333333334, 1]

[0, 0.024896265560165973, 0.04564315352697095, 0.0954356846473029, 0.14937759336099585, 0.24481327800829875, 0.3651452282157676, 0.5103734439834025, 0.6763485477178424, 0.8838174273858921, 0.9585062240663901, 1.0, 1.0, 1.0, 1.0, 1.0, 1.0, 1.0, 1.0, 1.0, 1.0, 1.0, 1]


7fold roc curve data:[0, 0.0, 0.0, 0.0, 0.0, 0.0, 0.0, 0.0, 0.0, 0.0, 0.0, 0.0625, 0.3125, 0.5, 0.6666666666666667, 0.6666666666666667, 0.75, 0.75, 0.75, 0.7708333333333334, 0.8125, 0.8333333333333334, 1]

[0, 0.024896265560165973, 0.04979253112033195, 0.06224066390041494, 0.14522821576763487, 0.2157676348547718, 0.3236514522821577, 0.43983402489626555, 0.5684647302904564, 0.6887966804979253, 0.8340248962655602, 0.9875518672199171, 1.0, 1.0, 1.0, 1.0, 1.0, 1.0, 1.0, 1.0, 1.0, 1.0, 1]


8fold roc curve data:[0, 0.0, 0.0, 0.0, 0.0, 0.0, 0.0, 0.0, 0.0, 0.0, 0.0, 0.0, 0.39583333333333337, 0.625, 0.6875, 0.7916666666666666, 0.8541666666666666, 0.8958333333333334, 0.9375, 0.9375, 0.9375, 0.9375, 1]

[0, 0.012448132780082987, 0.012448132780082987, 0.02074688796680498, 0.029045643153526972, 0.04979253112033195, 0.0995850622406639, 0.14107883817427386, 0.2157676348547718, 0.4190871369294606, 0.7136929460580913, 0.9875518672199171, 1.0, 1.0, 1.0, 1.0, 1.0, 1.0, 1.0, 1.0, 1.0, 1.0, 1]


9fold roc curve data:[0, 0.0, 0.0, 0.0, 0.0, 0.0, 0.0, 0.0, 0.0, 0.0, 0.0, 0.0, 0.33333333333333337, 0.45833333333333337, 0.6041666666666667, 0.6041666666666667, 0.6875, 0.7916666666666666, 0.8333333333333334, 0.875, 0.875, 0.9166666666666666, 1]

[0, 0.03319502074688797, 0.04149377593360996, 0.0954356846473029, 0.17012448132780084, 0.24896265560165975, 0.3360995850622407, 0.4605809128630705, 0.5933609958506224, 0.7593360995850622, 0.9087136929460581, 0.995850622406639, 1.0, 1.0, 1.0, 1.0, 1.0, 1.0, 1.0, 1.0, 1.0, 1.0, 1]


10fold roc curve data:[0, 0.0, 0.0, 0.0, 0.0, 0.0, 0.0, 0.0, 0.0, 0.0, 0.0, 0.10204081632653061, 0.3877551020408163, 0.6122448979591837, 0.6734693877551021, 0.6734693877551021, 0.7959183673469388, 0.9387755102040817, 0.9795918367346939, 0.9795918367346939, 1.0, 1.0, 1]

[0, 0.045454545454545456, 0.06611570247933884, 0.09504132231404959, 0.2066115702479339, 0.29338842975206614, 0.41735537190082644, 0.5743801652892562, 0.7603305785123967, 0.8925619834710744, 0.9586776859504132, 1.0, 1.0, 1.0, 1.0, 1.0, 1.0, 1.0, 1.0, 1.0, 1.0, 1.0, 1]


1fold roc curve data:[0, 0.0, 0.0, 0.0, 0.0, 0.0, 0.0, 0.0, 0.0, 0.0, 0.0, 0.02083333333333337, 0.20833333333333337, 0.27083333333333337, 0.375, 0.5, 0.6041666666666667, 0.6666666666666667, 0.6875, 0.7916666666666666, 0.7916666666666666, 0.8958333333333334, 1]

[0, 0.03319502074688797, 0.04149377593360996, 0.06224066390041494, 0.08298755186721991, 0.13278008298755187, 0.2033195020746888, 0.26141078838174275, 0.3941908713692946, 0.6016597510373444, 0.8257261410788381, 0.9875518672199171, 1.0, 1.0, 1.0, 1.0, 1.0, 1.0, 1.0, 1.0, 1.0, 1.0, 1]


2fold roc curve data:[0, 0.0, 0.0, 0.0, 0.0, 0.0, 0.0, 0.0, 0.0, 0.0, 0.0, 0.0, 0.10416666666666663, 0.25, 0.4375, 0.5625, 0.6458333333333333, 0.7916666666666666, 0.875, 0.8958333333333334, 0.8958333333333334, 0.9166666666666666, 1]

[0, 0.0912863070539419, 0.12033195020746888, 0.14937759336099585, 0.1825726141078838, 0.2572614107883817, 0.3153526970954357, 0.4315352697095436, 0.5601659751037344, 0.7219917012448133, 0.9004149377593361, 0.983402489626556, 0.995850622406639, 0.995850622406639, 0.995850622406639, 1.0, 1.0, 1.0, 1.0, 1.0, 1.0, 1.0, 1]


3fold roc curve data:[0, 0.0, 0.0, 0.0, 0.0, 0.0, 0.0, 0.0, 0.0, 0.0, 0.0, 0.02083333333333337, 0.08333333333333337, 0.25, 0.375, 0.4375, 0.5, 0.5416666666666667, 0.6041666666666667, 0.6041666666666667, 0.6666666666666667, 0.7291666666666667, 1]

[0, 0.08298755186721991, 0.12448132780082988, 0.14522821576763487, 0.17427385892116182, 0.21161825726141079, 0.3278008298755187, 0.37344398340248963, 0.4896265560165975, 0.6680497925311203, 0.8298755186721992, 0.979253112033195, 0.995850622406639, 1.0, 1.0, 1.0, 1.0, 1.0, 1.0, 1.0, 1.0, 1.0, 1]


4fold roc curve data:[0, 0.0, 0.0, 0.0, 0.0, 0.0, 0.0, 0.0, 0.0, 0.0, 0.0, 0.02083333333333337, 0.16666666666666663, 0.375, 0.4375, 0.5208333333333333, 0.5416666666666667, 0.6458333333333333, 0.6875, 0.6875, 0.75, 0.75, 1]

[0, 0.15767634854771784, 0.18672199170124482, 0.22821576763485477, 0.29045643153526973, 0.36099585062240663, 0.4066390041493776, 0.4854771784232365, 0.5892116182572614, 0.7468879668049793, 0.9253112033195021, 0.995850622406639, 1.0, 1.0, 1.0, 1.0, 1.0, 1.0, 1.0, 1.0, 1.0, 1.0, 1]


5fold roc curve data:[0, 0.0, 0.0, 0.0, 0.0, 0.0, 0.0, 0.0, 0.0, 0.0, 0.0, 0.04166666666666663, 0.3125, 0.41666666666666663, 0.47916666666666663, 0.5416666666666667, 0.625, 0.6875, 0.7083333333333333, 0.7916666666666666, 0.8541666666666666, 0.8541666666666666, 1]

[0, 0.1446280991735537, 0.19834710743801653, 0.28512396694214875, 0.40082644628099173, 0.48760330578512395, 0.6446280991735537, 0.7479338842975206, 0.8760330578512396, 0.9462809917355371, 0.9958677685950413, 1.0, 1.0, 1.0, 1.0, 1.0, 1.0, 1.0, 1.0, 1.0, 1.0, 1.0, 1]


6fold roc curve data:[0, 0.0, 0.0, 0.0, 0.0, 0.0, 0.0, 0.0, 0.0, 0.0, 0.0, 0.04166666666666663, 0.10416666666666663, 0.20833333333333337, 0.29166666666666663, 0.375, 0.45833333333333337, 0.5625, 0.5833333333333333, 0.6041666666666667, 0.7291666666666667, 0.75, 1]

[0, 0.1991701244813278, 0.2572614107883817, 0.3278008298755187, 0.43983402489626555, 0.5726141078838174, 0.6721991701244814, 0.7800829875518672, 0.8879668049792531, 0.950207468879668, 0.991701244813278, 1.0, 1.0, 1.0, 1.0, 1.0, 1.0, 1.0, 1.0, 1.0, 1.0, 1.0, 1]


7fold roc curve data:[0, 0.0, 0.0, 0.0, 0.0, 0.0, 0.0, 0.0, 0.0, 0.0, 0.0, 0.02083333333333337, 0.14583333333333337, 0.33333333333333337, 0.5, 0.625, 0.6666666666666667, 0.6666666666666667, 0.7083333333333333, 0.7083333333333333, 0.7083333333333333, 0.75, 1]

[0, 0.16182572614107885, 0.23236514522821577, 0.29045643153526973, 0.3651452282157676, 0.45643153526970953, 0.5435684647302904, 0.6182572614107884, 0.6929460580912863, 0.7800829875518672, 0.9004149377593361, 0.983402489626556, 1.0, 1.0, 1.0, 1.0, 1.0, 1.0, 1.0, 1.0, 1.0, 1.0, 1]


8fold roc curve data:[0, 0.0, 0.0, 0.0, 0.0, 0.0, 0.0, 0.0, 0.0, 0.0, 0.0, 0.0, 0.125, 0.47916666666666663, 0.6041666666666667, 0.6875, 0.6875, 0.7916666666666666, 0.8125, 0.8541666666666666, 0.8958333333333334, 0.9166666666666666, 1]

[0, 0.04149377593360996, 0.05394190871369295, 0.07468879668049792, 0.11618257261410789, 0.13278008298755187, 0.17842323651452283, 0.2821576763485477, 0.3983402489626556, 0.5850622406639004, 0.8049792531120332, 0.991701244813278, 1.0, 1.0, 1.0, 1.0, 1.0, 1.0, 1.0, 1.0, 1.0, 1.0, 1]


9fold roc curve data:[0, 0.0, 0.0, 0.0, 0.0, 0.0, 0.0, 0.0, 0.0, 0.0, 0.02083333333333337, 0.02083333333333337, 0.08333333333333337, 0.27083333333333337, 0.4375, 0.6041666666666667, 0.6041666666666667, 0.6041666666666667, 0.6666666666666667, 0.6875, 0.75, 0.7916666666666666, 1]

[0, 0.17842323651452283, 0.24481327800829875, 0.3236514522821577, 0.35684647302904565, 0.44813278008298757, 0.5684647302904564, 0.6348547717842323, 0.7634854771784232, 0.9004149377593361, 0.970954356846473, 0.995850622406639, 1.0, 1.0, 1.0, 1.0, 1.0, 1.0, 1.0, 1.0, 1.0, 1.0, 1]


